[redshift]
temp-day=6000
temp-night=4000

[manual]
lat=57.116045
lon=65.540164
